$ 3 0.000015625 10.20027730826997 50 5 50 5e-11
r 608 96 608 208 0 1000
r 608 208 608 320 0 1000
t 608 208 704 208 0 1 -8.636954055236707 -8.22223745072277 100 default
r 704 192 704 96 0 1000
r 704 224 704 320 0 1000
c 752 224 752 320 0 0.00001 4.54309791094609 0.001
w 608 96 704 96 0
w 608 320 704 320 0
w 704 320 752 320 0
w 704 224 752 224 0
c 608 208 528 208 0 0.00001 0.26058888711034545 0.001
w 528 320 608 320 0
v 416 320 416 96 0 0 40 5 0 0 0.5
w 416 96 608 96 0
w 416 320 528 320 0
g 608 320 608 336 0 0
w 928 192 944 176 0
w 928 224 976 224 0
w 928 320 976 320 0
w 832 320 928 320 0
w 832 96 928 96 0
c 944 176 1040 176 0 0.00001 3.118749173560089 0.001
c 976 224 976 320 0 0.00001 1.899939233598837 0.001
r 928 224 928 320 0 1000
r 928 192 928 96 0 1000
t 832 208 928 208 0 1 -0.6089744146251048 0.6117902292063757 100 default
r 832 208 832 320 0 1000
r 832 96 832 208 0 1000
w 704 96 832 96 0
w 752 320 832 320 0
c 704 192 800 192 0 0.00001 2.4460850526548157 0.001
w 800 192 832 208 0
R 528 208 528 272 0 6 40 5 0 0 0.5
211 1152 176 1248 176 0 1 8000 1
g 1152 368 1152 384 0 0
r 1040 176 1152 176 0 200
c 1200 240 1200 320 0 0.00016898576701991088 0.0006264893904449235 0.001
l 1104 240 1104 320 0 0.0005995841272856994 -0.00014824535895303296 0
w 1152 240 1200 240 0
w 1104 240 1152 240 0
w 1152 320 1200 320 0
w 1104 320 1152 320 0
w 1152 320 1152 368 0
w 1152 176 1152 240 0
o 32 64 0 4099 5 1.6 0 5 32 3 21 0 21 3 33 0
o 33 128 0 4098 0.0048828125 0.1 1 1
