$ 1 0.000005 10.20027730826997 50 5 43 5e-11
r 512 192 512 304 0 7500
c 512 304 592 304 0 0.0000047 6.705168998998985 0.001
j 464 320 512 320 32 -4 0.00125
r 512 336 512 400 0 1000
r 512 400 512 480 0 15000
a 608 320 720 320 8 15 -15 1000000 1.9041718257870865 0 100000
w 608 304 592 304 0
g 608 336 608 384 0 0
r 608 256 704 256 0 240000
w 608 256 608 304 0
w 512 400 560 400 0
c 560 400 560 480 0 0.000032999999999999996 1.5088289544982105 0.001
g 560 480 560 496 0 0
R 512 480 512 512 0 0 40 -15 0 0 0.5
R 512 192 512 160 0 0 40 15 0 0 0.5
w 464 320 400 320 0
r 464 320 464 416 0 1000000
g 464 416 464 448 0 0
w 704 256 720 256 0
w 720 256 720 320 0
w 720 320 752 320 0
411 400 320 336 320 0 1 40 5 0 0 0.5 5 0 1
o 20 16 0 4099 20 0.00009765625 0 2 20 3
