$ 1 0.000005 10.20027730826997 50 5 43 5e-11
a 832 320 944 320 8 15 -15 1000000 -1.546897198865968e-15 0 100000
w 832 304 832 256 0
r 832 256 944 256 0 240000
w 944 256 944 320 0
g 832 336 832 384 0 0
c 832 304 736 304 0 0.0000047 -13.854867783236609 0.001
j 768 336 736 336 32 -4 0.00125
w 736 304 736 320 0
r 736 352 640 352 0 100
r 640 352 560 352 0 100
w 640 352 640 400 0
r 640 400 640 480 0 7500
R 640 480 640 512 0 0 40 -15 0 0 0.5
j 496 304 544 304 32 -4 0.00125
w 544 288 544 240 0
r 576 272 656 272 0 7500
w 544 240 576 240 0
w 576 240 576 272 0
w 544 320 560 320 0
w 560 352 560 320 0
R 544 240 544 192 0 0 40 15 0 0 0.5
w 656 272 736 272 0
w 736 272 736 304 0
w 496 304 464 304 0
w 496 304 496 368 0
r 496 368 496 512 0 1000000
w 768 336 768 400 0
w 768 400 464 400 0
r 560 400 560 512 0 1000000
w 496 512 560 512 0
g 528 512 528 528 0 0
w 944 320 992 320 0
