$ 3 0.000015625 0.8031194996067259 50 5 50 5e-11
w 584 352 568 352 0
w 520 288 520 352 0
w 624 360 624 352 0
w 624 352 624 288 0
c 520 352 568 352 0 8.225799562600603e-9 -0.5147400685663139 0.001
c 520 288 568 288 0 1.0000000000000002e-8 0.6862065119216834 0.001
r 568 288 568 352 0 74085.95032247386
w 568 288 624 288 0
r 472 352 520 352 0 3886.711252972604
r 520 352 520 440 0 915.334604781065
a 584 360 624 360 10 15 -15 1000000 0.000012009345711422859 0 100000
g 584 368 584 456 0 0
w 736 352 720 352 0
w 672 288 672 352 0
w 776 360 776 352 0
w 776 352 776 288 0
c 672 352 720 352 0 6.375888247802887e-8 -0.08937885829545922 0.001
c 672 288 720 288 0 1.0000000000000002e-7 1.8596350182064616 0.001
r 720 288 720 352 0 3999.2025003549047
w 720 288 776 288 0
r 624 352 672 352 0 1557.0739026029823
r 672 352 672 440 0 277.11445523587577
g 824 440 824 456 0 0
a 736 360 776 360 10 15 -15 1000000 0.000019489943865580552 0 100000
g 736 368 736 456 0 0
w 888 352 872 352 0
w 824 288 824 352 0
w 928 360 928 352 0
w 928 352 928 288 0
c 824 352 872 352 0 6.375888247802931e-8 0.20980548670547416 0.001
c 824 288 872 288 0 1.0000000000000002e-7 -0.7012507998645332 0.001
r 872 288 872 352 0 4951.140311626695
w 872 288 928 288 0
r 776 352 824 352 0 1927.7071782875219
r 824 352 824 440 0 343.0765384176109
g 520 440 520 456 0 0
a 888 360 928 360 10 15 -15 1000000 -0.000009110471760982465 0 100000
g 888 368 888 456 0 0
w 1040 352 1024 352 0
w 976 288 976 352 0
w 1080 360 1080 352 0
w 1080 352 1080 288 0
c 976 352 1024 352 0 8.225799562599964e-8 -0.12088263535564624 0.001
c 976 288 1024 288 0 1.0000000000000002e-7 0.05118516340668777 0.001
r 1024 288 1024 352 0 12185.866765930688
w 1024 288 1080 288 0
r 928 352 976 352 0 5499.813446801384
r 976 352 976 440 0 124.61985392686236
g 672 440 672 456 0 0
a 1040 360 1080 360 10 15 -15 1000000 0.00000172066078101553 0 100000
g 1040 368 1040 456 0 0
211 1080 352 1144 352 0 1 8000 1
g 976 440 976 456 0 0
R -72 336 -136 336 0 6 40 5 0 0 0.5
w 344 368 344 416 0
a 344 352 472 352 8 15 -15 1000000 -0.00008859109194919391 0 100000
g 344 416 344 432 0 0
w 472 288 472 352 0
w 344 336 344 288 0
r 344 288 472 288 0 1000
w 136 352 136 416 0
a 136 336 264 336 8 15 -15 1000000 0.00008859286377103288 0 100000
g 136 416 136 432 0 0
w 264 272 264 336 0
r 264 336 344 336 0 1000
w 136 320 136 272 0
r 136 272 264 272 0 1000
r -72 256 56 256 0 1000
w -72 304 -72 256 0
g -256 328 -256 360 0 0
r -72 304 -184 304 0 1000
r 56 320 136 320 0 1000
w 56 256 56 320 0
a -72 320 56 320 8 15 -15 1000000 4.429731781415416 4.429820376051045 100000
g -184 304 -184 352 0 0
o 51 2 0 4098 5 0.1 0 1
