$ 1 0.000005 10.20027730826997 50 5 50 5e-11
r 528 176 528 336 0 1000
r 528 336 528 496 0 1000
t 528 336 688 336 0 1 -4.225469196091765 0.6199222037808498 100 default
r 688 352 688 496 0 1000
r 688 320 688 176 0 1000
w 528 176 688 176 0
w 528 496 688 496 0
R 688 176 688 128 0 0 40 10 0 0 0.5
c 528 336 384 336 0 0.00001 7.709818094624355 0.001
v 384 496 384 336 0 1 40 5 0 0 0.5
w 384 496 528 496 0
c 768 384 768 496 0 0.00001 8.276046514765767e-12 0.001
w 688 384 768 384 0
w 688 496 768 496 0
g 688 496 688 544 0 0
o 4 64 0 4099 5 0.025 0 2 4 3
o 9 64 0 4099 5 0.05 1 2 9 3
