$ 3 0.0000078125 114.32915054483153 50 5 50 5e-11
w 584 352 568 352 0
w 520 288 520 352 0
w 624 360 624 352 0
w 624 352 624 288 0
c 520 352 568 352 0 8.225799562600603e-9 0.04554366331906006 0.001
c 520 288 568 288 0 1.0000000000000002e-8 -2.6301372413225543 0.001
r 568 288 568 352 0 74085.95032247386
w 568 288 624 288 0
r 472 352 520 352 0 3886.711252972604
r 520 352 520 440 0 915.334604781065
g 312 296 312 312 0 0
a 584 360 624 360 10 15 -15 1000000 -0.000026756541481001333 0 100000
g 584 368 584 456 0 0
w 736 352 720 352 0
w 672 288 672 352 0
w 776 360 776 352 0
w 776 352 776 288 0
c 672 352 720 352 0 6.375888247802887e-8 -0.2386512200464549 0.001
c 672 288 720 288 0 1.0000000000000002e-7 -0.14694005967611157 0.001
r 720 288 720 352 0 3999.2025003549047
w 720 288 776 288 0
r 624 352 672 352 0 1557.0739026029823
r 672 352 672 440 0 277.11445523587577
g 824 440 824 456 0 0
a 736 360 776 360 10 15 -15 1000000 9.171024326791063e-7 0 100000
g 736 368 736 456 0 0
w 888 352 872 352 0
w 824 288 824 352 0
w 928 360 928 352 0
w 928 352 928 288 0
c 824 352 872 352 0 6.375888247802931e-8 0.02380028877295823 0.001
c 824 288 872 288 0 1.0000000000000002e-7 0.4198469660848997 0.001
r 872 288 872 352 0 4951.140311626695
w 872 288 928 288 0
r 776 352 824 352 0 1927.7071782875219
r 824 352 824 440 0 343.0765384176109
g 520 440 520 456 0 0
a 888 360 928 360 10 15 -15 1000000 0.000003960427168847726 0 100000
g 888 368 888 456 0 0
w 1040 352 1024 352 0
w 976 288 976 352 0
w 1080 360 1080 352 0
w 1080 352 1080 288 0
c 976 352 1024 352 0 8.225799562599964e-8 0.014228273189874541 0.001
c 976 288 1024 288 0 1.0000000000000002e-7 0.016344934195113868 0.001
r 1024 288 1024 352 0 12185.866765930688
w 1024 288 1080 288 0
r 928 352 976 352 0 5499.813446801384
r 976 352 976 440 0 124.61985392686236
g 672 440 672 456 0 0
a 1040 360 1080 360 10 15 -15 1000000 2.1166398388409367e-8 0 100000
g 1040 368 1040 456 0 0
211 1080 352 1144 352 0 1 16000 1
w 232 368 264 384 0
c 136 368 232 368 0 0.00001 0.7200321072856375 0.001
w 184 496 264 496 0
w 136 272 264 272 0
r 264 272 264 384 0 1000
r 264 384 264 496 0 1000
t 264 384 360 384 0 1 0.5252492385223608 0.6280277898957751 100 default
r 360 368 360 272 0 1000
r 360 400 360 496 0 1000
c 408 400 408 496 0 0.00001 1.8677326182874328 0.001
c 376 352 472 352 0 0.00001 3.285738080287614 0.001
w 264 272 360 272 0
w 264 496 360 496 0
w 360 496 408 496 0
w 360 400 408 400 0
w 360 368 376 352 0
g 40 496 40 512 0 0
w -152 496 -40 496 0
w -152 272 40 272 0
v -152 496 -152 272 0 0 40 5 0 0 0.5
w -40 496 40 496 0
c 40 384 -40 384 0 0.00001 2.493951259247864 0.001
w 136 400 184 400 0
w 136 496 184 496 0
w 40 496 136 496 0
w 40 272 136 272 0
c 184 400 184 496 0 0.00001 1.8814037292246066 0.001
r 136 400 136 496 0 1000
r 136 368 136 272 0 1000
t 40 384 136 384 0 1 -0.7252012873354068 0.609187498908832 100 default
r 40 384 40 496 0 1000
r 40 272 40 384 0 1000
g 976 440 976 456 0 0
411 -40 384 -40 448 0 1 40 5 0 0 0.5 5 0 3
o 52 1 0 4098 2.5 0.1 0 3 86 0 86 3
